
s:So/PencilBeam/BeamEnergySpectrumType = "Continuous" 
dv:So/PencilBeam/BeamEnergySpectrumValues = 200 1.           1.69849246   2.39698492   3.09547739   3.79396985
   4.49246231   5.19095477   5.88944724   6.5879397    7.28643216
   7.98492462   8.68341709   9.38190955  10.08040201  10.77889447
  11.47738693  12.1758794   12.87437186  13.57286432  14.27135678
  14.96984925  15.66834171  16.36683417  17.06532663  17.7638191
  18.46231156  19.16080402  19.85929648  20.55778894  21.25628141
  21.95477387  22.65326633  23.35175879  24.05025126  24.74874372
  25.44723618  26.14572864  26.84422111  27.54271357  28.24120603
  28.93969849  29.63819095  30.33668342  31.03517588  31.73366834
  32.4321608   33.13065327  33.82914573  34.52763819  35.22613065
  35.92462312  36.62311558  37.32160804  38.0201005   38.71859296
  39.41708543  40.11557789  40.81407035  41.51256281  42.21105528
  42.90954774  43.6080402   44.30653266  45.00502513  45.70351759
  46.40201005  47.10050251  47.79899497  48.49748744  49.1959799
  49.89447236  50.59296482  51.29145729  51.98994975  52.68844221
  53.38693467  54.08542714  54.7839196   55.48241206  56.18090452
  56.87939698  57.57788945  58.27638191  58.97487437  59.67336683
  60.3718593   61.07035176  61.76884422  62.46733668  63.16582915
  63.86432161  64.56281407  65.26130653  65.95979899  66.65829146
  67.35678392  68.05527638  68.75376884  69.45226131  70.15075377
  70.84924623  71.54773869  72.24623116  72.94472362  73.64321608
  74.34170854  75.04020101  75.73869347  76.43718593  77.13567839
  77.83417085  78.53266332  79.23115578  79.92964824  80.6281407
  81.32663317  82.02512563  82.72361809  83.42211055  84.12060302
  84.81909548  85.51758794  86.2160804   86.91457286  87.61306533
  88.31155779  89.01005025  89.70854271  90.40703518  91.10552764
  91.8040201   92.50251256  93.20100503  93.89949749  94.59798995
  95.29648241  95.99497487  96.69346734  97.3919598   98.09045226
  98.78894472  99.48743719 100.18592965 100.88442211 101.58291457
 102.28140704 102.9798995  103.67839196 104.37688442 105.07537688
 105.77386935 106.47236181 107.17085427 107.86934673 108.5678392
 109.26633166 109.96482412 110.66331658 111.36180905 112.06030151
 112.75879397 113.45728643 114.15577889 114.85427136 115.55276382
 116.25125628 116.94974874 117.64824121 118.34673367 119.04522613
 119.74371859 120.44221106 121.14070352 121.83919598 122.53768844
 123.2361809  123.93467337 124.63316583 125.33165829 126.03015075
 126.72864322 127.42713568 128.12562814 128.8241206  129.52261307
 130.22110553 130.91959799 131.61809045 132.31658291 133.01507538
 133.71356784 134.4120603  135.11055276 135.80904523 136.50753769
 137.20603015 137.90452261 138.60301508 139.30150754 140.  keV
uv:So/PencilBeam/BeamEnergySpectrumWeights = 200 1.14117732e-114 1.22351653e-013 4.67915012e-004 8.72023001e-004
 1.33248879e-003 1.81673578e-003 2.30949217e-003 2.80416231e-003
 3.29778482e-003 3.78880334e-003 4.27618158e-003 4.75907377e-003
 5.23671057e-003 5.70836452e-003 6.17334224e-003 6.63098346e-003
 7.08065935e-003 7.52176757e-003 7.95372235e-003 8.37593792e-003
 8.78780260e-003 9.18864121e-003 9.57766566e-003 9.95391987e-003
 1.03162316e-002 1.06631871e-002 1.09931430e-002 1.13042791e-002
 1.15946891e-002 1.18624946e-002 1.21059646e-002 1.23236254e-002
 1.25143464e-002 1.26773961e-002 1.28124663e-002 1.29196673e-002
 1.29994993e-002 1.30528074e-002 1.30807256e-002 1.30846167e-002
 1.30660123e-002 1.30265561e-002 1.29679538e-002 1.28919288e-002
 1.28001866e-002 1.26943859e-002 1.25761165e-002 1.24468837e-002
 1.23080976e-002 1.21610669e-002 1.20069965e-002 1.18469873e-002
 1.16820390e-002 1.15130539e-002 1.13408419e-002 1.11661262e-002
 1.09895500e-002 1.08116820e-002 1.06330235e-002 1.04540142e-002
 1.02750383e-002 1.00964297e-002 9.91847796e-003 9.74143234e-003
 9.56550683e-003 9.39088402e-003 9.21771879e-003 9.04614168e-003
 8.87626191e-003 8.70817005e-003 8.54194040e-003 8.37763317e-003
 8.21529634e-003 8.05496736e-003 7.89667456e-003 7.74043852e-003
 7.58627316e-003 7.43418673e-003 7.28418267e-003 7.13626039e-003
 6.99041588e-003 2.15397844e-002 6.70493037e-003 3.20220404e-002
 8.05763312e-003 6.29204539e-003 8.97309717e-003 6.02685522e-003
 5.89723244e-003 5.76956855e-003 5.64384604e-003 5.52004712e-003
 5.39815378e-003 5.27814787e-003 7.32948186e-003 5.04372525e-003
 4.92927187e-003 5.78466970e-003 4.70578905e-003 3.32934057e-003
 3.54543495e-003 3.24474826e-003 3.20063649e-003 3.15545137e-003
 3.10929048e-003 3.06224731e-003 3.01441125e-003 2.96586763e-003
 2.91669781e-003 2.86697921e-003 2.81678537e-003 2.76618609e-003
 2.71524742e-003 2.66403183e-003 2.61259821e-003 2.56100204e-003
 2.50929541e-003 2.45752714e-003 2.40574286e-003 2.35398511e-003
 2.30229338e-003 2.25070427e-003 2.19925150e-003 2.14796602e-003
 2.09687612e-003 2.04600746e-003 1.99538316e-003 1.94502392e-003
 1.89494802e-003 1.84517145e-003 1.79570795e-003 1.74656908e-003
 1.69776431e-003 1.64930106e-003 1.60118476e-003 1.55341891e-003
 1.50600519e-003 1.45894342e-003 1.41223172e-003 1.36586647e-003
 1.31984243e-003 1.27415277e-003 1.22878909e-003 1.18374150e-003
 1.13899868e-003 1.09454787e-003 1.05037495e-003 1.00646449e-003
 9.62799748e-004 9.19362763e-004 8.76134345e-004 8.33094138e-004
 7.90220644e-004 7.47491261e-004 7.04882315e-004 6.62369090e-004
 6.19925860e-004 5.77525916e-004 5.35141596e-004 4.92744316e-004
 4.50304588e-004 4.07792053e-004 3.65175502e-004 3.22422903e-004
 2.79501420e-004 2.36377439e-004 1.93016584e-004 1.49383747e-004
 1.05443099e-004 6.11581142e-005 1.64915865e-005 0.00000000e+000
 0.00000000e+000 0.00000000e+000 0.00000000e+000 0.00000000e+000
 0.00000000e+000 0.00000000e+000 0.00000000e+000 0.00000000e+000
 0.00000000e+000 0.00000000e+000 0.00000000e+000 0.00000000e+000
 0.00000000e+000 0.00000000e+000 0.00000000e+000 0.00000000e+000
 0.00000000e+000 0.00000000e+000 0.00000000e+000 0.00000000e+000
 0.00000000e+000 0.00000000e+000 0.00000000e+000 0.00000000e+000
 0.00000000e+000 0.00000000e+000 0.00000000e+000 0.00000000e+000

