
s:So/PencilBeam/BeamEnergySpectrumType = "Continuous" 
dv:So/PencilBeam/BeamEnergySpectrumValues = 79 65.26130653  65.95979899  66.65829146
  67.35678392  68.05527638  68.75376884  69.45226131  70.15075377
  70.84924623  71.54773869  72.24623116  72.94472362  73.64321608
  74.34170854  75.04020101  75.73869347  76.43718593  77.13567839
  77.83417085  78.53266332  79.23115578  79.92964824  80.6281407
  81.32663317  82.02512563  82.72361809  83.42211055  84.12060302
  84.81909548  85.51758794  86.2160804   86.91457286  87.61306533
  88.31155779  89.01005025  89.70854271  90.40703518  91.10552764
  91.8040201   92.50251256  93.20100503  93.89949749  94.59798995
  95.29648241  95.99497487  96.69346734  97.3919598   98.09045226
  98.78894472  99.48743719 100.18592965 100.88442211 101.58291457
 102.28140704 102.9798995  103.67839196 104.37688442 105.07537688
 105.77386935 106.47236181 107.17085427 107.86934673 108.5678392
 109.26633166 109.96482412 110.66331658 111.36180905 112.06030151
 112.75879397 113.45728643 114.15577889 114.85427136 115.55276382
 116.25125628 116.94974874 117.64824121 118.34673367 119.04522613
 119.74371859 keV
uv:So/PencilBeam/BeamEnergySpectrumWeightsUnscaled = 79 5.39815378e-003 5.27814787e-003 7.32948186e-003 5.04372525e-003
 4.92927187e-003 5.78466970e-003 4.70578905e-003 3.32934057e-003
 3.54543495e-003 3.24474826e-003 3.20063649e-003 3.15545137e-003
 3.10929048e-003 3.06224731e-003 3.01441125e-003 2.96586763e-003
 2.91669781e-003 2.86697921e-003 2.81678537e-003 2.76618609e-003
 2.71524742e-003 2.66403183e-003 2.61259821e-003 2.56100204e-003
 2.50929541e-003 2.45752714e-003 2.40574286e-003 2.35398511e-003
 2.30229338e-003 2.25070427e-003 2.19925150e-003 2.14796602e-003
 2.09687612e-003 2.04600746e-003 1.99538316e-003 1.94502392e-003
 1.89494802e-003 1.84517145e-003 1.79570795e-003 1.74656908e-003
 1.69776431e-003 1.64930106e-003 1.60118476e-003 1.55341891e-003
 1.50600519e-003 1.45894342e-003 1.41223172e-003 1.36586647e-003
 1.31984243e-003 1.27415277e-003 1.22878909e-003 1.18374150e-003
 1.13899868e-003 1.09454787e-003 1.05037495e-003 1.00646449e-003
 9.62799748e-004 9.19362763e-004 8.76134345e-004 8.33094138e-004
 7.90220644e-004 7.47491261e-004 7.04882315e-004 6.62369090e-004
 6.19925860e-004 5.77525916e-004 5.35141596e-004 4.92744316e-004
 4.50304588e-004 4.07792053e-004 3.65175502e-004 3.22422903e-004
 2.79501420e-004 2.36377439e-004 1.93016584e-004 1.49383747e-004
 1.05443099e-004 6.11581142e-005 1.64915865e-005 
uv:So/PencilBeam/BeamEnergySpectrumWeights = 6.416054 * So/PencilBeam/BeamEnergySpectrumWeightsUnscaled

